"site"	"air_mean_temp"	"alt"	"slope_per"	"din"	"ppo4"	"tmean"	"DOmean"	"flow_vel"	"discharge"	"NDVI100m"	"algal.production"	"GPP.mle"	"ER.mle"	"K600_hyd"	"pCH4"	"pCO2"	"FCH4.h"	"FCO2.h"	"do.def"	"ch4co2_ratio"	"pceq"	"perCH4"	"NEP.mle"	"co2per"	"rip_open"
"1"	"site1"	1.80116311188646	-0.494223381841355	-0.223204977318647	0.781299340980692	0.627999409503914	-0.0183849699064358	0.238909292454133	0.146752052900652	-0.457359854788942	-0.673937000696607	0.34866681446247	-0.478809345681745	0.0319851050498397	-0.0618929893077963	-0.739524163117486	1.10328113759094	-0.423226905108026	0.853978424689791	0.288760917721611	-1.5967108235907	0.732210418397777	-1.46525446442911	-0.270253534911333	0.826266312897428	0.40370498987914
"2"	"site2"	1.70733420718442	-0.49083921735326	1.62776312727501	0.415102236574494	0.435683331983227	-0.478009217567347	0.907187033584572	0.768574986254055	-0.309202667111554	0.825645580614077	-1.08300817675619	-0.369370476414338	0.209812086794508	3.04015819731685	-0.528729892317394	-0.404606473999827	0.873713511147207	0.745827582018161	-0.488413781349915	-0.315093025118374	-0.55567123826883	-0.381259354278831	-0.438430493169613	-0.540070440948504	-0.80479845844611
"3"	"site3"	-4.08660065816631	0.90343655174177	-0.78575410714613	-0.524340898842017	-0.508413775845596	-2.85273449714872	1.49193005707371	-0.0726541612467119	-0.290823673474778	0.707257482089549	-0.0736564269251513	-0.822274666399369	-1.13671602356867	-0.802461502865276	-1.33512539790864	-0.956922130425375	-2.2892121981519	-0.73269607360549	-0.344007985882484	-0.610957144246766	-0.858926130823824	-0.663210677541639	0.936874261857241	-1.09985624807705	-0.721588025945386
"4"	"site4"	-1.08700786097309	0.399196043015655	0.157876691274165	-0.750419215741502	-0.141264900578831	-0.669519320759394	0.155374574812827	-1.29089485629961	-1.25987134641816	1.53597417176124	-1.1831529499215	-0.680814711344178	-0.802524530413672	-0.699733751430607	-0.342796168225842	-0.108206604933969	-0.623683964294175	-0.132024518170735	0.39371055169801	-0.400955157807173	-0.36587258689637	-0.464694531799132	0.594947929372886	-0.144213882836715	-1.34709091343675
"5"	"site5"	-1.08700786097309	0.527794293563254	-0.713167122652261	-0.106047544426252	-0.438480656747165	0.0199170507319726	-0.345833731035002	-0.185797309254553	-0.191341334160011	-0.0425338085657926	-0.107492092290267	-0.0503185126491382	-0.417774959136194	-0.778450141714477	-0.0844887815537587	-1.34948828756064	-0.419041863586016	-0.950572313800324	0.5734670978153	1.34796154146152	-0.911160411480089	1.40562744107325	0.393884801639515	-1.04407139679577	-0.179612359344043
"6"	"site6"	-1.22188691148226	1.05572395370603	1.39185542766993	-0.789305445829286	-0.490930496070988	-0.171593052460073	0.573048163019353	-0.930168088214596	-0.812279703603119	1.45704877274489	-0.478906018331292	-0.414378240371971	-1.02081857432964	0.115387167694855	-0.65180092424147	-0.621857127678382	-0.294587984592176	-0.0435753045813975	-1.15115110553967	-0.236810921160034	-0.675048774424544	-0.304120395236718	0.990853463645412	-0.650936022794839	-1.28017040327664
"7"	"site7"	-0.846571292674121	-0.707425744591323	-0.205058231195179	-0.293332409378637	-0.56086361516942	0.556145339669702	0.405978727736742	1.3342130128038	1.19953868185491	0.233705087991439	0.086005272533024	1.13570842369204	1.3764037326451	1.38867507600752	-0.880987000241719	-0.740829060394297	-0.00678660466998424	0.217028078026644	-0.178369052790336	-0.361225955091719	-0.744729727769643	-0.426244562787202	-1.31305445463267	-0.713600794858294	-0.386887499322444
"8"	"site8"	-0.570948885111889	-0.924012271829386	-0.985368314504269	-0.0925365727855881	-0.0538485017057921	0.632749380946521	0.823652315943267	1.19975953176828	1.34287399336899	0.667794782581373	0.283871371888196	0.27318688832048	-0.413687223876495	-0.541197364695576	-0.0549811543916986	-1.11830630882421	-0.11623919591305	-0.661068342752673	-1.38647978434328	1.07374988071976	-0.830694242290985	1.09685873604015	0.667481592133823	-1.10606911167369	-0.693958242943209
"9"	"site9"	-0.0607542157945685	0.893284058277486	1.01077375907712	-2.44677581285507	-0.525897055620204	-0.937633465228258	0.823652315943267	-0.441257501713961	-0.812279703603119	1.69382496979395	-0.914763102449375	-1.25688754880981	-1.12457134239472	0.40637452760083	-0.880987000241719	-1.40120956920119	-0.463355311119315	-0.706398878600287	-0.762899632757626	0.311541317968405	-0.989300357644015	0.260905321908277	0.812643685931124	-1.33688887026674	-1.48988363210735
"10"	"site10"	0.188478812320215	-0.17611191996045	2.4080732105841	-0.826415061882709	-0.455963936521772	0.402937257116065	0.573048163019353	-0.930168088214596	0.591807493800308	-1.06856399577837	-0.34612170242628	1.15446235334254	0.668549593025105	0.58325924260303	-0.528729892317394	-0.753213166665848	0.138389299665295	0.0166764532967825	-0.751136723919236	0.0289179927694031	-0.726542893209162	-0.0352963696956119	-0.147521517095964	-0.758108945328228	1.00127051611191
"11"	"site11"	0.484626292786016	0.13861537743236	0.57525185211391	-0.488979635054667	-0.386030817423341	-0.248197093736892	0.740117598301962	-0.109433250367017	0.397027190225693	0.98349637864678	-0.550023542314098	-0.215244513708787	-0.220694348462365	0.443574805722649	-0.451709149283343	-0.411457733309784	0.115010561682891	0.204386944918598	-0.743537297119831	-0.228419891775288	-0.553450752653888	-0.29579339540899	0.0723961707955608	-0.512856690413492	-0.917272096482754
"12"	"site12"	0.109310673977873	-1.03907386442461	-0.695020376528794	0.682175090764853	-0.246164579226478	-0.478009217567347	0.740117598301962	1.1440535912187	0.603502632465688	-1.06856399577837	0.586969555517584	0.285194702636612	0.901417852691356	0.110854853749815	-0.342796168225842	-0.414402319631441	0.0575051640069185	0.0976528281935985	0.0748833516528615	-0.108623312416709	-0.546154871347649	-0.175726740929046	-1.05046802212125	-0.515259167864672	1.00127051611191
"13"	"site13"	-0.283597864461904	1.99652168139637	-0.695020376528794	-0.684315300044731	-0.176231460128047	0.0199170507319726	-0.847042036882833	-1.71115784826864	0.194476438778655	1.18080987618766	0.13242020005977	-0.196396904054342	-0.237105996045848	-1.19994668845802	1.08248171694238	0.800215251144749	-0.277040777985582	-0.197613601207502	0.685225829430222	0.254668628810117	0.597289482937466	0.200546408474887	0.0983596654443456	0.832593073974653	-1.06236271747318
"14"	"site14"	-0.283597864461904	1.88822841777734	-0.858341091639999	-0.719979974033002	-0.351064257874125	-0.401405176290528	-0.178764295752392	1.43776865398536	1.17848582815432	1.14134717667948	0.515696745505552	0.817990293017603	0.788416623555826	-0.0515302564344789	0.58509096736677	-0.291740664426838	0.745116507641122	0.107505791649173	0.237751812270417	0.908502045708232	-0.371159457408138	0.91226401500911	-0.7119153511859	-0.219704986534112	-1.03281078290142
"15"	"site15"	-1.09287216751697	-0.714194073567512	-0.422819184676786	-0.491453148374026	0.155950855589502	1.20727969052266	0.489513445378047	0.0660981820252144	1.3039330169341	-0.279310005614848	0.257637414983501	0.944504493647204	0.331181665660516	-0.340148360985043	-0.528729892317394	-2.08486576277078	-0.313521910465638	-5.49599557682688	-1.02459042927482	1.71411917452367	-1.13733273197351	1.82044621273466	0.212706407958567	-1.82750242866458	0.014394086539585
"16"	"site16"	-0.0695506756103836	-1.03568969993651	-0.695020376528794	1.35850753761034	-0.359805897761429	0.364635236477656	-0.429368448676308	-1.82290288037036	0.119407285838805	-0.871250498237486	0.704403079416079	1.0965868363203	0.845708275731379	-1.21783954626346	0.58509096736677	0.410677220282751	-1.24935526303318	-0.504945566130303	0.832574490307969	0.0873533212863682	0.129507180056261	0.0251434509151188	-0.566065805285238	0.411768860181805	0.658488262535197
"17"	"site17"	-0.0607542157945685	0.20968283168235	1.88181757300355	-0.753875584774482	-0.386030817423341	1.16897766988425	-0.0952295781110876	-0.867331167142361	0.502571256913435	0.904570979630428	-0.606477809445797	0.573795933529392	0.620715469627038	0.426365338835974	-0.695053276150167	-0.928651025474987	-0.0446833455754229	-0.14115443803816	-0.0856966862552525	0.0219680893446078	-0.812190195499798	-0.042454775063468	-0.62747261467978	-0.758290964707472	-0.860745649422099
"18"	"site18"	-0.565084578568012	-0.666815770734186	-0.894634583886933	1.22232302115574	0.17343413536411	1.28388373179948	-1.18118090744805	1.97625440213318	1.12302580712686	0.707257482089549	1.67977499601191	1.88633271411989	2.18330118420351	0.35156507204667	1.83683035155557	0.532913632094534	2.03542498711116	0.781159929632097	1.0173118200671	1.6727887747897	0.529511802976604	1.77356924007148	-1.94197299727203	0.70268723781958	-0.721588025945386
"19"	"site19"	-0.606134724375153	-0.406235105150892	-1.0216618067512	0.865778592921142	-0.281131138775694	-0.401405176290528	-0.679972601600223	-0.720821070123992	-1.66112709223277	-0.989638596762014	1.22492683395958	NA	NA	-1.22059410874466	-0.785284239286765	1.59746921935584	-2.04626670719693	0.0666064108148064	1.05090658762289	-1.88237954307802	1.46994032960984	-1.64925975669616	1.59165672942674	1.44096230548069	0.848844872580605
"20"	"site20"	0.508083518961526	0.45334267482517	-0.259498469565581	0.307669211770582	-0.281131138775694	-1.20574760969712	1.07425646886718	0.208306227917882	1.04030719903624	0.391555886024142	0.0277144865871542	-0.436010237473999	0.40039843903646	-0.0303080399897023	-1.14919167381708	-0.873971632478241	-1.10959428878675	-0.301358321259068	-0.828150179397935	-0.506291192631514	-0.816631166729683	-0.565288538533805	-0.644384607294167	-0.955081861141927	-0.49998617674809
"21"	"site21"	0.704537788181413	-0.345320144365187	-0.223204977318647	0.583229506324371	-0.31609769832491	-0.0566869905448455	0.489513445378047	1.3695276924146	0.402514337229297	-1.06856399577837	0.492468615762379	0.185735119036506	0.156198137416396	1.40065409569671	-0.609702106976769	-0.349995147990355	0.361767426899181	0.505110698390379	-0.0771500780378315	-0.44673457431445	-0.53156310873517	-0.508657782179087	-0.22490253477013	-0.412027697266366	1.00127051611191
"22"	"site22"	-0.702895782349127	1.25200549401553	2.37177971833716	-2.41723018138631	-0.386030817423341	-1.43555973352758	1.15779118650849	-0.898422328368645	-1.093335165104	1.02295907815496	-0.506035312200456	-1.11604144295646	-1.84042167478754	0.589198924107332	-1.14919167381708	-1.0867137628195	-0.806965695858139	-0.301275791783813	-2.10475717218212	-0.312626764832328	-0.899212084123494	-0.378844404405106	1.67731534243055	-1.14441727996665	-0.945809327574725
"23"	"site23"	-0.702895782349127	1.80362430557497	1.37370868154647	-1.20507895103893	-0.455963936521772	-0.975935485866666	-0.429368448676308	-2.65230009352014	-2.29710240254783	1.45704877274489	-0.644898734879407	-1.67550589964858	-1.89445505372112	-0.901384422025039	-0.609702106976769	0.376077346980579	-1.18063434270244	-0.0531795524489118	0.687453147519809	-1.0360370736909	-0.027512874143239	-1.03774953787804	1.55284989167738	0.383538947269825	-1.28017040327664
"24"	"site24"	-0.562152425296073	1.63441608117023	-0.168764738948245	-1.26928428480456	-0.438480656747165	1.09237362860743	0.155374574812827	-0.0726541612467119	0.781502350251857	0.628332083073197	0.0443382315645612	0.498803666636288	-0.537404276853658	-0.180201142460933	-0.98286828998431	-1.23840142809053	-0.822983715006912	-0.617522488134849	-2.74680125572113	0.0163390156464232	-0.943304584191637	-0.0482479871080758	1.44653525036032	-1.06633579792699	-0.666348413448585
"25"	"site25"	0.0565319150829773	-0.93416476529367	-0.350232200182917	1.22647469951387	4.1596219239747	0.402937257116065	-0.0116948604697829	-0.0726541612467119	0.374543211755143	-0.950175897253838	0.716266746625391	0.834399125273906	1.1154883318396	-0.355264992524509	-0.451709149283343	0.808079692167057	-0.303041986538351	0.577378043347874	0.487199921630657	-1.21803453495344	0.401569536591826	-1.18547358122981	-1.12704755098355	0.640019102845653	0.781126241128579
"26"	"site26"	-0.16337958031242	-0.99169556159128	0.0308494684098941	0.631318028743559	-0.281131138775694	-0.248197093736892	0.740117598301962	-1.82290288037036	-0.729440102790846	-1.06856399577837	-0.383599214824026	-1.57476801118665	-0.695749403684812	-0.960549822427974	-0.695053276150167	0.173079761182592	-1.33109315720376	-0.175373888009992	-0.0852130077235904	-0.954869533192881	-0.196269780878863	-0.969306474473438	0.342781232197031	-0.0359346387286757	1.00127051611191
"27"	"site27"	-0.702895782349127	1.69871520644403	0.230463675768034	-1.9667969738798	-0.47344721629638	-0.899331444589848	0.573048163019353	-0.962596604647589	-0.328184356976237	1.02295907815496	-0.873354440307497	-0.134811599986476	-0.0637914691425193	-0.494220474352426	-0.880987000241719	-0.787490302140753	-1.03725035246768	-0.40547247091875	-0.692476701707632	-0.317792320026299	-0.765242785355301	-0.38390133158545	-0.0834800384305569	-0.786075537600922	-0.945809327574725
"28"	"site28"	0.936177896664566	-0.974774739150807	-0.822047599393064	1.61945112653015	-0.0538485017057921	0.747655442861749	-1.59885449565458	0.379190914269954	0.12824546781279	-1.3448028923356	0.609149268059578	NA	NA	-0.644251752202146	0.420931548355464	0.697785906708291	0.234434269945157	0.357620421863506	1.32554677203422	-0.373094457672164	0.376721245186518	-0.437759416467296	-0.029000807018733	0.95580468382941	1.99518157251114
"29"	"site29"	1.03293895463854	-0.940933094269859	0.212316929644566	0.997198916524032	-0.420997376972557	0.249729174562428	-0.262299013393698	-0.488382208754689	-0.507729842502266	-1.06856399577837	0.842415209172411	-0.523404813232907	-0.113726748670629	-0.187627138752216	-0.414563621586402	0.932433736889568	-0.206810371443469	0.686927081360526	0.734650645712861	-1.2739823161036	0.545266677101671	-1.22922214869998	-0.124422048534941	0.798285223255128	1.00127051611191
"30"	"site30"	1.04466756772629	-0.602516645460386	-0.640580138158392	1.0675646424471	4.36942128126999	0.977467566692203	0.322444010095437	1.16817999227158	-0.161648175662074	-1.26587749331924	-0.217854518063952	0.539828869805744	-0.191589061685042	0.262909628951877	0.420931548355464	-0.202224882958262	0.917607054036276	0.323308804114058	-0.362799620865955	0.573836207603223	-0.34176445736271	0.543504051803845	0.623876711809223	-0.256633680278774	1.5701914841108
"31"	"site31"	-0.356901696260369	-0.328399321924713	0.811159551718984	-0.514073652475165	-0.438480656747165	-0.401405176290528	0.907187033584572	0.704852776504272	0.819926192315899	-1.06856399577837	-0.569027085900442	0.388198594513488	0.667461657282948	1.90766553885134	-0.414563621586402	-1.07314341974535	0.730599228930456	0.0180653660694951	-0.702221865594186	0.521533599854413	-0.846872066056994	0.486641788403846	-0.760381725647822	-1.08552734456243	1.00127051611191
"32"	"site32"	-0.0959400550578312	-0.754804047424649	-0.495406169170655	0.874049150782538	-0.158748180353439	1.01576958733061	-0.262299013393698	0.445047140412887	-0.368123617902068	-1.22641479381107	0.966163762209608	0.407597262094734	0.41970325676689	-0.134504384322967	0.820060474645381	0.290411717078678	0.916524490794037	0.416237785803486	0.466980683561224	0.507991902162347	0.0672278454276377	0.471958470674827	-0.452911568446649	0.274461752904531	1.42091368488193
"33"	"site33"	0.0360068421794068	1.80362430557497	-0.695020376528794	-0.684315300044731	-0.386030817423341	-1.78027791927326	-0.0952295781110876	-0.351208784890614	-1.89584665673322	0.0758542899587349	-1.40020745436137	-3.80079677656187	-2.57108864914742	-0.819676374851564	1.42618264083065	0.768890295297918	0.533021056363928	0.169146772296208	0.691371559166333	0.731837987711768	0.643496731210315	0.716624280501855	2.05604742243497	0.626726929184578	-0.270334109423989
"34"	"site34"	-0.327580163540984	1.23846883606315	0.57525185211391	-0.750419215741502	-0.420997376972557	-0.36310315565212	-0.0952295781110876	0.849553793645505	0.822575577602218	-0.3582354046312	0.404415149190637	0.802770321669143	0.97268229372448	1.86701777051847	1.50429245744364	0.959268748901725	2.16747318384363	1.28215672599058	0.308786005402745	0.60371629499044	0.878973943804447	0.576092845770672	-0.963247810021697	0.78205602876297	0.0841235808756118
"35"	"site35"	1.03880326118242	-1.13044630560316	0.0308494684098941	1.03334875099759	-0.123781620804223	0.0199170507319726	-0.0952295781110876	0.483223050287755	-0.908985588316876	-0.910713197745662	1.31383424858179	0.283740921678686	0.168196145079477	0.570002945027112	0.00242924838357299	0.0541069068939972	0.628328961355497	0.531154499973458	0.715276738702502	-0.197684865239761	-0.223972982360526	-0.265198443379049	-0.193201195003659	0.0435377183643822	0.71789042314678
"36"	"site36"	-0.0138397634435504	-1.11690964765079	-1.14868902961547	1.18597013989034	2.44626050606313	0.556145339669702	-1.68238921329588	-0.0367508484813425	0.232325843013755	-1.14748939479472	0.925134913173389	0.183399650254889	-0.0213057108844896	-1.26424424512878	0.4635993373654	0.242039417395714	-0.876545425094649	-0.510637730773932	1.39635825773538	0.125069870544909	-0.0276186115534745	0.0643865394505757	0.000253525485475133	0.608927903086254	1.18539888188825
"37"	"site37"	-0.0607542157945685	1.43136621188455	0.339344152508837	-0.785689428710774	-0.455963936521772	-0.899331444589848	0.740117598301962	-1.09977002851166	-0.729440102790846	0.628332083073197	-2.21979863603942	0.439993862469245	-0.582442987480798	-0.5081677514461	0.377078392599339	1.07071871514457	0.155598614790454	0.541658847864167	-1.02446130433759	-0.738175209866054	0.797027450872048	-0.779342131069076	1.39203670859318	0.696445774212209	-0.666348413448585
"38"	"site38"	0.962567276112014	-0.93416476529367	-0.33208545405945	1.02553777512808	0.0335678971672471	0.785957463500157	-3.6036877190459	-0.109433250367017	0.119407285838805	-1.26587749331924	0.591182483308296	NA	NA	-0.358910259220204	2.41392953902284	2.1141468796822	1.90322028514238	1.16392812120636	1.88800339009026	0.416994086489178	3.17083231065574	0.373726135710228	-2.1410712578494	2.88230524913901	1.5701914841108
"39"	"site39"	0.754384393804371	-0.663431606246091	-0.949074822257335	1.18334942075007	-0.0888150612550078	1.43709181435311	-1.26471562508936	1.45105391963298	0.533870213041919	-0.634474301188431	1.41960622036181	0.914118659026231	1.03833135003426	-0.268567964817125	2.14798940763765	0.474932338255541	1.88932013429898	0.512014598567385	1.03364550883158	2.31217707250036	0.591896875015462	2.49660575166238	-0.99068321546949	0.678315877394406	0.359076835794108
"40"	"site40"	1.80116311188646	-0.724346567031797	-0.695020376528794	1.16086191855446	0.593032849954698	-0.209895073098482	-0.345833731035002	-0.488382208754689	-2.29710240254783	-1.3448028923356	-1.09539406067311	-2.03785499443441	-2.17403904695446	-0.874551645348955	-0.568696890095301	2.51841428344168	-1.03898499322788	0.925282978994729	0.871360759831956	-2.18302678134543	3.58067051272797	-1.81543141015689	1.7826224264351	2.11173648081757	1.99518157251114
"41"	"site41"	-0.0930079017858932	1.13355973693221	2.20845900322596	-0.782090037017032	-0.368547537648733	-1.89518398118849	0.990721751225878	-0.464635766856323	-1.17063510953129	1.45704877274489	-2.71837462422603	NA	NA	1.09539183199893	-0.880987000241719	-0.679289020780974	-0.262575519457998	0.128014480918586	-0.312097081194899	-0.417620177059883	-0.716815051467509	-0.480741265117393	0.745844330838922	-0.780303057549219	-1.28017040327664
"42"	"site42"	1.85394187078136	-0.781877363329407	-0.495406169170655	0.545943111154399	0.540583010630875	1.70520595882198	-2.93540997791546	0.130962715993814	-0.592597079974621	0.194242388483263	-2.15351380298229	0.147083915918289	1.37067679575139	-0.366536527543183	2.13343988445907	1.48149821228869	1.70695072030427	0.885625148999735	1.63569137535762	0.809356924725578	1.81549018625897	0.802225225031134	-1.55958177661618	2.05996124423289	-0.358135653480307
"43"	"site43"	0.223664651583479	-0.954469752222239	-0.45911267692372	0.557705931494016	-0.307356058437606	-0.631217300120984	0.656582880660658	1.19192643416995	0.637233901729744	-0.989638596762014	0.134333644500214	-0.354499717573878	0.786799303400327	0.655172304121252	-1.09178127104181	0.466926596464075	-0.619150809940546	0.755189668672825	0.232832454345341	-1.44928984463252	0.0221837086673772	-1.36097903059655	-1.0245561227217	0.220506377022179	0.848844872580605
"44"	"site44"	0.719198554541107	-0.67696826419847	-0.9127813300104	1.40138707471142	-0.0538485017057921	1.32218575243789	-1.43178506037197	1.51577921652713	0.679353540655492	0.707257482089549	1.73480337428675	1.19664595553485	1.4478930711795	-0.111570596386617	1.83683035155557	1.06521759821499	1.64820335916101	0.804905615270845	1.13664020871493	0.926421316257996	1.10979871034822	0.932213391938503	-1.37363234527382	1.2069483368275	-0.721588025945386
"45"	"site45"	-1.43006979378991	0.0303221138133287	2.11772527260862	-0.491453148374026	-0.420997376972557	0.0582190713703824	0.907187033584572	0.592273054153326	0.817264625904986	1.45704877274489	-0.289879862453977	0.214471950789564	-0.0856249254193018	3.14373335234605	-0.832410487839073	-1.77899393273074	0.522835185975985	-1.96265235255658	-2.64320063410675	0.825220909979946	-1.08953942254713	0.819791942487175	0.105319394679816	-1.66142825426903	-1.28017040327664
"46"	"site46"	-0.570948885111889	-0.981543068126996	-1.09424879124507	-0.274329866869352	-0.455963936521772	0.862561504776975	0.573048163019353	0.981576510889915	1.79557473124414	0.115316989466911	0.0365217991528458	0.142502428506777	-0.641359718893589	-0.912876603035301	0.399157243275218	-0.564771065462277	-0.12894851809313	-0.486874829321572	-0.648020550179686	0.999073162861029	-0.543722910912235	1.01327158556278	0.914960761174228	-0.60435970874957	-0.299886043995752
"47"	"site47"	0.214868191767663	-1.04922635788889	-0.9127813300104	0.152156235917569	-0.386030817423341	2.31803828903653	-0.345833731035002	0.0155503908884652	2.01936214867921	-0.595011601680255	1.20446678215178	0.976590138278613	0.954640844096633	-0.921323725035424	1.47128891202472	-0.288814890575987	0.719758950444356	-0.317819498337231	0.157772040968466	2.35080993410168	-0.188868162162389	2.53999402715604	-0.838144906675913	-0.178671764738423	0.316055975919437
"48"	"site48"	0.464101219882447	0.697002517967991	-0.33208545405945	-0.459891472373717	-0.420997376972557	-1.20574760969712	0.322444010095437	-0.166340679344088	-1.093335165104	-1.18695209430289	-0.284992063281715	0.266362831172582	-0.417774959136194	-0.394050048990421	-0.0260149822478313	1.32760061553055	-0.023485360381013	0.746775238346223	0.377246149175445	-1.25385261859334	1.10155119234987	-1.21357420119364	0.666385633048729	0.991545473896162	1.29483857450104
"49"	"site49"	0.464101219882447	0.707155011432275	0.57525185211391	-0.782090037017032	-0.246164579226478	-0.554613258844166	0.656582880660658	-0.418236170623857	-0.562903921476683	1.10188447717131	-0.562407847793267	-0.707671270347633	-0.756514633368708	0.130828786042475	-1.03638568933145	-0.0649730072437498	-0.775289683399552	0.3113412655648	-0.574594718234464	-1.0550882344393	-0.385116795559205	-1.05359014478077	0.534746036981601	-0.213468607783497	-1.00355285545598
"50"	"site50"	0.598980270391623	-0.355472637829471	-0.749460614899195	0.472117692513505	-0.333580978099518	0.211427153924019	-0.0116948604697829	-0.373221845868445	0.770038813779851	0.189947043331406	1.97975225982066	0.255853771550948	0.505220103465349	-0.886206837478758	0.697896951852398	0.308353499327045	0.0895532977534787	-0.0344530695964462	0.416818571148498	0.33342722006756	0.0610950756339873	0.28422599033858	-0.615575075239553	0.23229428892782	-0.354992128193358
